10100
10100
10100
10100
10100
10100
10100
10100
10110
10110
10110
10110
10110
10110
10120
10120
10120
10120
10120
10120
10120
10120
10130
10130
10130
10130
10130
10130
10130
10130
10130
10130
10130
10130
10130
10130
10130
10140
10140
10140
10140
10150
10150
10150
10150
10150
10150
10150
10160
10160
10160
10160
10160
10160
10160
10160
10160
10160
10160
10160
10160
10170
10170
10170
10170
10170
10170
10170
10170
10200
10200
10200
10200
10200
10200
10200
10200
10200
10200
10200
10200
10210
10210
10210
10210
10210
10220
10220
10220
10220
10220
10230
10230
10230
10230
10240
10240
10240
10240
10240
10240
10250
10250
10250
10250
10260
10260
10270
10270
10270
10270
10270
10270
10270
10280
10280
10280
10280
10280
10280
10290
10290
10290
10290
10290
10300
10300
10300
10300
10300
10310
10310
10310
10310
10310
10310
10310
10330
10330
10330
10330
10400
10400
10400
10400
10400
10400
10500
10500
10500
10500
10500
10510
10510
10510
10510
10510
10510
10510
10520
10520
10520
10520
10520
10520
10530
10530
10530
10530
10530
10530
10530
10530
10540
10540
10540
10540
10540
10540
10540
10540
10540
10550
10560
10560
10560
10560
10560
10560
10560
10600
10600
10600
10600
10600
10600
10600
10600
10600
10600
10600
10600
10600
10700
10700
10700
10700
10700
10700
10700
10700
10700
10800
10800
10900
10900
10900
10900
10900
11000
11000
11000
11000
11000
11000
11000
11000
11000
11000
11110
11110
11110
11110
11110
11110
11110
11110
11120
11120
11120
11120
11120
11120
11120
11120
11120
11120
11120
11120
11130
11130
11130
11130
11130
11130
11130
11130
11130
11140
11140
11140
11140
11140
11140
11150
11150
11150
11150
11150
11150
11150
12000
12000
12000
12000
12000
12000
12000
12000
12000
12000
12000
12000
12000
12000
12110
12110
12110
12110
12120
12120
12120
12120
12120
12120
12120
12130
12130
12130
12140
12140
12140
12140
12140
12140
12140
12150
12150
12150
12150
12150
12150
12150
12160
12160
12160
12160
12160
12160
12160
12160
12160
12160
12160
12170
12170
12170
12170
12170
12170
12170
13000
13000
13000
13000
13000
13000
13000
13000
13000
13000
13000
13000
13000
13000
13000
13000
13000
13000
13000
13000
13000
13110
13110
13110
13110
13110
13110
13110
13110
13110
13110
13110
13110
13110
13110
13110
13110
13110
13120
13120
13120
13120
13120
13120
13120
13120
13120
13120
13120
13130
13130
13130
13130
13130
13130
13130
13130
13130
13130
13140
13140
13140
13140
13140
13140
13140
13140
13150
13150
13150
13150
13150
13150
13150
13150
13150
13150
13150
13150
13160
13160
13160
13160
13160
13160
13160
13160
13160
13160
13160
13160
13160
13160
13160
13160
13170
13170
13170
13170
13170
13170
13170
13170
13170
13170
13170
13180
13190
13190
13190
13190
13190
13190
13190
13190
13190
13190
13190
13190
13190
13190
13190
13190
13190
13190
13190
13210
13210
13210
13210
13210
13210
13210
13210
13210
13210
13210
13220
13220
13220
13220
13220
13220
13220
13220
13220
13220
13220
13220
13220
13220
13220
13220
13220
13230
13230
13230
13230
13230
13230
13230
13240
13240
13240
13240
13240
13240
13250
13250
13250
13250
13250
13250
13250
13250
13250
13250
13250
13250
13250
13250
13250
13250
13260
13260
13260
13260
13260
13260
13260
13260
13260
13260
13260
13260
13270
13270
13270
13270
13270
13270
13280
13280
13280
13280
13280
13290
13290
13290
13290
14000
14000
14000
14000
14000
14000
14000
14000
14000
14000
14000
14000
14000
14000
14110
14110
14110
14110
14110
14110
14110
14110
14110
14110
14110
14110
14110
14110
14110
14120
14120
14120
14120
14120
14120
14120
14120
14120
14120
14120
14120
14120
14120
14120
14130
14130
14130
14130
14130
14130
14130
14130
14140
14140
14140
14140
14140
14140
14140
14140
14140
14150
14150
14150
14150
14150
14150
14150
14160
14160
14160
14160
14160
15000
15000
15000
15000
15000
15000
15000
15000
15000
15000
15000
15000
15000
15000
15000
15000
15000
15000
15000
15000
15110
15110
15110
15110
15110
15110
15110
15110
15110
15110
15110
15110
15110
15110
15110
15110
15110
15110
15110
15110
15120
15120
15120
15120
15120
15120
15120
15120
15120
15120
15120
15120
15120
15130
15130
15130
15130
15130
15130
15130
15130
15130
15130
15130
15130
15130
15130
15140
15140
15140
15140
15140
15140
15150
15150
15150
15150
15150
15150
15150
15150
15150
15150
15160
15160
15170
15170
15170
15170
15170
15170
15180
15180
15180
15190
15190
15190
15190
15190
15190
15210
15220
15220
15230
15230
15230
15230
15230
15230
15230
15230
15230
15240
15240
15240
15240
15240
15250
15250
15250
15250
15250
16000
16000
16000
16000
16000
16000
16000
16000
16110
16110
16110
16110
16110
16110
16110
16110
16110
16110
16120
16120
16120
16120
16120
16120
16130
16130
16130
16130
16130
16130
16130
16130
16140
16140
16140
16140
16150
16150
16150
16150
16150
16150
16160
17000
17000
17000
17000
17000
17000
17000
17000
17000
17110
17110
17110
17110
17120
17120
17120
17120
17120
17120
17120
17120
17120
17120
17120
17130
17130
17130
17130
17130
17130
17130
17130
17140
17140
17140
17140
17140
17140
17140
17140
17150
17150
17150
17150
17150
17150
17150
17160
17160
17160
17170
17170
17170
18000
18000
18000
18000
18000
18000
18000
18000
18000
18000
18000
18000
18000
18000
18000
18110
18110
18110
18110
18110
18110
18110
18110
18110
18110
18110
18110
18110
18120
18120
18120
18120
18120
18120
18120
18120
18120
18130
18130
18130
18130
18130
18130
18130
18130
18140
18140
18140
18140
18140
18140
18140
18140
18140
18150
18150
18150
18150
18150
18150
18160
18160
18160
18160
18160
18160
18160
18160
18160
18160
18160
18160
18170
18170
18170
18170
18170
18170
18170
18170
18170
18180
18180
18180
18190
18190
18190
18190
18210
18210
18210
18210
18220
18220
18220
18220
18220
18230
18230
18230
18230
18230
18230
18240
18240
18250
18250
18250
18260
18270
20000
20000
20000
20000
20000
20000
20000
20000
20000
20000
20000
20000
20000
20000
20000
20110
20110
20110
20110
20110
20120
20130
20130
20130
20140
20140
20140
20140
20140
20140
20140
20140
20140
20140
20140
20140
20140
20140
20140
20140
20140
20140
20140
20140
20150
20150
20150
20150
20150
20150
20150
20150
20160
20160
20160
20160
20160
20160
20160
20160
20160
20160
20160
20170
20170
20170
20170
20170
20180
20180
20180
20190
20190
20190
20190
20190
20220
20220
20220
20230
20230
20230
20240
20240
20250
20250
20270
20270
20270
20270
20270
20270
21000
21000
21000
21000
21000
21000
21000
21000
21000
21100
21100
21110
21110
21110
21110
21110
21110
21110
21110
21110
21110
21110
21110
21110
21120
21120
21120
21120
21120
21120
21120
21130
21130
21130
21140
21140
21140
21140
21140
21140
21150
21150
21160
21160
21170
21170
21170
21180
21180
21180
21180
21190
21190
21210
21210
21210
21210
22000
22000
22000
22000
22000
22000
22000
22000
22000
22000
22000
22110
22110
22110
22110
22110
22110
22110
22110
22110
22110
22110
22120
22120
22120
22120
22120
22120
22120
22120
22120
22120
22120
22130
22130
22130
22140
22140
22140
22140
22140
22150
22150
22150
22150
22150
22150
22150
22160
22160
22160
22160
22160
22160
22160
22160
22170
22170
22170
22170
22170
22170
22170
22170
22180
22180
22180
22180
22180
22190
22190
22190
22210
22210
22210
22210
22210
23000
23000
23000
23000
23000
23000
23000
23000
23000
23000
23000
23000
23000
23000
23000
23000
23110
23110
23110
23120
23120
23120
23120
23130
23130
23130
23140
23140
23140
23140
23140
23150
23150
23150
23150
23150
23170
23170
24000
24000
24000
24000
24000
24000
24000
24000
24000
24000
24000
24000
24000
24000
24000
24000
24000
24000
24000
24000
24000
24000
24000
24000
24110
24110
24110
24110
24110
24110
24110
24110
24110
24110
24120
24120
24120
24120
24120
24120
24120
24120
24120
24120
24120
24130
24130
24130
24130
24130
24130
24130
24140
24140
24140
24140
24140
24140
24140
24140
24140
24140
24140
24140
24140
24140
24140
24140
24140
24150
24150
24150
24150
24150
24150
24160
24160
24160
24160
24160
24160
24170
24170
24170
24180
24180
24180
24180
24180
24190
24190
24190
24190
25000
25000
25000
25000
25000
25000
25000
25000
25000
25110
25110
25110
25110
25110
25110
25110
25110
25110
25110
25110
25110
25110
25130
25130
25130
25130
25130
25130
25130
25130
25130
25140
25140
25140
25140
25140
25140
25140
25140
25140
25140
25150
25150
25150
25150
25150
25150
25150
25150
25150
25190
25190
25190
25190
25220
25220
25220
25220
25220
25220
25230
25230
25230
25230
25240
26000
26000
26000
26000
26000
26000
26000
26000
26000
26000
26000
26000
26000
26110
26110
26110
26110
26110
26110
26110
26110
26110
26110
26120
26120
26120
26120
26120
26120
26120
26120
26120
26120
26120
26130
26130
26130
26130
26130
26130
26130
27000
27000
27000
27000
27000
27000
27000
27000
27000
27000
27000
27000
27120
27120
27120
27120
27120
27120
27120
27120
27120
27120
27120
27120
27120
27120
27120
27160
27160
27160
27160
27160
27160
27160
27160
27160
27160
27160
27180
27180
27180
27180
27180
27180
27180
27210
27210
27210
27210
27250
27250
27250
27260
27260
27260
27260
27260
27260
27260
30000
30000
30000
30000
30000
30000
30000
30000
30000
30000
30000
30000
30000
30000
30000
30000
30000
30000
30000
30000
30110
30110
30110
30110
30110
30110
30110
30110
30110
30110
30110
30110
30120
30120
30120
30120
30120
30120
30120
30120
30120
30120
30120
30120
30120
30120
30130
30130
30130
30130
30130
30130
30130
30130
30130
30130
30130
30130
30140
30140
30140
30140
30140
30140
30140
30140
30140
30140
30150
30150
30150
30150
30150
30150
30150
30150
30150
30150
30150
30150
30150
30150
30150
30150
30150
30160
30160
30160
30160
30160
30160
30160
30160
30160
30160
30160
30160
30160
30160
30160
30170
30170
30170
30170
30170
30170
30170
30170
30180
30180
30180
30180
30180
30180
30180
30180
30180
30180
30180
30180
30180
30190
30190
30190
30190
30190
30190
30190
30190
30190
30190
30210
30210
30210
30210
30210
30210
30210
30210
30210
30210
30210
30210
30210
30210
30210
30210
30210
30210
30220
30220
30220
30220
30220
30220
30220
30220
30220
30220
30220
30220
30220
30220
30220
30230
30230
30230
30230
30230
30230
30230
30230
30230
30230
30230
30230
30240
30240
30240
30240
30240
30240
30240
30240
30240
30240
30250
30250
30250
30250
30250
30250
30250
30250
30250
30250
30250
30250
30260
30260
30260
30260
30260
30260
30260
30260
30260
30260
30270
30270
30270
30270
30270
30270
30270
30270
30270
30270
30270
30270
30270
30270
30270
30270
30270
30280
30280
30280
30280
30280
30280
30290
30290
30290
30290
30290
30290
30290
30310
30310
30310
30310
30310
30320
30320
30330
30330
30330
30330
30330
30330
30340
30340
30350
30350
30350
30350
30360
30360
30360
30360
30360
30370
30370
30370
30370
30380
30380
30380
30410
30410
30410
30410
30410
30410
30410
30410
30410
30420
30430
30430
30430
30430
30430
30440
30440
30440
30440
30440
31000
31000
31000
31000
31000
31000
31000
31000
31000
31000
31000
31000
31000
31000
31000
31000
31000
31000
31000
31000
31000
31000
31000
31000
31000
31000
31000
31000
31000
31000
31000
31110
31110
31110
31110
31110
31110
31110
31110
31110
31110
31110
31110
31110
31110
31110
31110
31110
31110
31110
31110
31110
31110
31110
31110
31110
31110
31110
31110
31120
31120
31120
31120
31120
31120
31120
31120
31120
31120
31120
31120
31130
31130
31130
31130
31130
31130
31130
31130
31130
31130
31130
31130
31130
31130
31130
31130
31140
31140
31140
31140
31140
31140
31140
31140
31140
31140
31140
31140
31140
31140
31140
31140
31150
31150
31150
31150
31150
31150
31150
31150
31150
31150
31150
31150
31150
31150
31150
31150
31160
31160
31160
31160
31160
31160
31160
31160
31160
31160
31160
31170
31170
31170
31170
31170
31170
31170
31170
31180
31180
31180
31180
31180
31180
31180
31180
31180
31190
31190
31190
31190
31190
31190
31190
31210
31210
31210
31210
31210
31210
31210
31210
31210
31210
31220
31220
31220
31220
31220
31230
31230
31230
31230
31230
31240
31240
31240
31240
31240
31240
31240
31250
31250
31250
31250
31250
31260
31260
31260
32000
32000
32000
32000
32000
32000
32000
32000
32000
32000
32000
32000
32000
32000
32000
32000
32000
32000
32000
32000
32000
32000
32000
32000
32000
32000
32110
32110
32110
32110
32110
32110
32110
32110
32110
32110
32110
32110
32110
32110
32110
32120
32120
32120
32120
32120
32120
32120
32120
32120
32120
32130
32130
32130
32130
32130
32130
32130
32130
32130
32130
32130
32130
32130
32130
32130
32130
32130
32140
32140
32140
32140
32140
32140
32140
32140
32140
32140
32140
32140
32140
32140
32140
32140
32140
32140
32140
32140
32140
32140
32150
32150
32150
32150
32150
32150
32150
32150
32150
32150
32150
32150
32150
32150
32150
32150
32150
32160
32160
32160
32160
32160
32160
32160
32170
32170
32170
32170
32170
32170
32170
32170
32170
32170
32180
32180
32180
32180
32180
32180
32180
32180
32180
32190
32190
32190
32190
32190
32190
32190
32190
32190
32210
32210
32210
32210
32210
32210
32220
32220
32220
32220
32220
32230
32230
32230
32230
32230
32230
33000
33000
33000
33000
33000
33000
33000
33000
33000
33000
33000
33000
33000
33000
33000
33000
33000
33000
33110
33110
33110
33110
33110
33110
33110
33110
33110
33110
33110
33110
33110
33110
33110
33110
33110
33110
33110
33110
33110
33110
33110
33110
33110
33120
33120
33120
33120
33120
33120
33120
33120
33120
33120
33120
33120
33120
33120
33120
33120
33120
33120
33120
33120
33120
33120
33120
33120
33120
33120
33120
33130
33130
33130
33130
33130
33130
33130
33130
33130
33130
33130
33130
33130
33130
33130
33130
33130
33130
33130
33130
33130
33130
33140
33140
33140
33140
33140
33140
33140
33140
33140
33140
33140
33140
33140
33140
33140
33140
33140
33140
33140
33140
33140
33140
33140
33140
33140
33140
33140
33140
33140
33150
33150
33150
33150
33150
33150
33150
33150
33150
33150
33150
33150
33160
33160
33160
33160
33160
33160
33160
33160
33160
33160
33160
33160
33160
33160
33160
33160
33160
33170
33170
33170
33170
33170
33170
33170
33170
33170
33170
33180
33180
33180
33180
33180
33180
33190
33190
33190
33190
33190
33190
33190
33210
33210
33210
33210
33210
33210
33220
33220
33230
33230
33230
33230
33230
33240
33240
33240
33240
33240
33240
33240
33250
33250
33250
33250
33250
33270
33270
33270
33270
33270
33270
33270
33270
34000
34000
34000
34000
34000
34000
34000
34000
34000
34000
34000
34000
34000
34000
34000
34000
34000
34000
34000
34000
34110
34110
34110
34110
34110
34110
34110
34110
34110
34110
34110
34110
34110
34110
34130
34130
34130
34130
34130
34130
34130
34130
34130
34130
34130
34130
34130
34130
34130
34130
34130
34130
34130
34130
34130
34130
34130
34140
34140
34140
34140
34140
34140
34140
34140
34140
34140
34140
34140
34140
34140
34150
34150
34150
34150
34150
34150
34150
34150
34150
34150
34150
34150
34150
34150
34160
34160
34160
34160
34160
34160
34160
34160
34160
34160
34160
34160
34160
34160
34160
34160
34160
34160
34160
34160
34160
34160
34160
34160
34170
34170
34170
34170
34170
34170
34170
34170
34170
34170
34170
34170
34170
34190
34190
34190
34190
34190
34190
34190
34190
34190
34190
34190
34190
34190
34190
34190
34190
34190
34220
34220
34220
34220
34220
34230
34230
34230
34230
34230
34230
34230
34230
34250
34250
34250
34250
34250
34250
34250
34250
34250
34250
34250
34260
34260
34260
34260
34260
34260
34260
34260
34260
34260
34260
34270
34270
34270
34270
34270
34280
34280
34280
34280
34280
34280
34310
34310
34310
34320
34320
34320
34320
34330
34330
34330
34330
34330
34330
34340
34340
34340
34340
34340
34340
34350
34350
34350
34350
34350
34350
34360
34360
34360
34360
34360
34360
34360
34360
34360
35000
35000
35000
35000
35000
35000
35000
35000
35000
35000
35000
35000
35000
35000
35000
35000
35000
35000
35110
35110
35110
35110
35110
35110
35110
35110
35110
35120
35120
35120
35120
35120
35120
35120
35120
35120
35120
35120
35120
35120
35120
35120
35130
35130
35130
35130
35130
35130
35130
35130
35130
35130
35140
35140
35140
35140
35140
35140
35140
35140
35140
35150
35150
35150
35150
35150
35160
35160
35160
35160
35170
35170
35170
35170
35170
35180
35180
35180
35180
36000
36000
36000
36000
36000
36000
36000
36000
36000
36000
36000
36000
36000
36000
36000
36000
36110
36110
36110
36110
36110
36110
36110
36110
36110
36110
36110
36120
36120
36120
36120
36120
36120
36120
36120
36120
36120
36120
36130
36130
36130
36130
36130
36130
36130
36130
36130
36130
36130
36130
36130
36130
36130
36140
36140
36140
36140
36140
36140
36140
36140
36140
36150
36150
36150
36150
36150
36150
36150
36150
36150
36150
36160
36160
36160
36160
36160
36170
36170
36170
36170
36170
36170
36180
36180
36180
36180
36180
36180
36180
36180
36190
36190
36190
36190
36190
36210
36210
36210
36210
36210
36210
36210
36210
36220
36220
36220
36220
36220
36230
36230
36230
36230
36230
36240
36240
36240
36250
36250
36250
36250
36250
36260
36260
36260
36260
37000
37000
37000
37000
37000
37000
37000
37000
37000
37000
37000
37000
37000
37000
37000
37000
37000
37000
37000
37000
37000
37000
37000
37000
37000
37000
37110
37110
37110
37110
37110
37110
37110
37180
37180
37180
37180
37210
37210
37210
37210
37210
37240
37240
37240
37240
37240
37240
37240
37240
37290
37290
37290
37290
37290
37290
38000
38000
38000
38000
38000
38000
38000
38000
38000
38000
38000
38000
38000
38000
38000
38150
38150
38150
38150
38150
38150
38150
38150
38150
38170
38170
38170
38170
38170
38170
38170
38180
38180
38180
38180
38180
38180
38180
38190
38190
38190
38190
38190
38190
38210
38210
38210
38210
38210
38220
38220
38220
38220
39000
39000
39000
39000
39000
39000
39000
39000
39000
39000
39000
39000
39000
39000
39000
39140
39140
39140
39140
39140
39140
39140
39140
39140
39140
39170
39170
39170
39170
39170
39170
39170
39170
39170
39170
39170
39180
39180
39180
39180
39180
39180
39180
39180
39180
39180
39180
39180
39270
39270
39270
39270
39270
39270
39270
39270
39350
39350
39350
40000
40000
40000
40000
40000
40000
40000
40000
40000
40000
40000
40000
40000
40000
40000
40000
40110
40110
40110
40110
40110
40110
40110
40110
40110
40110
40110
40110
40110
40110
40110
40110
40110
40110
40110
40120
40120
40120
40120
40120
40120
40120
40120
40120
40120
40120
40120
40130
40130
40130
40130
40130
40130
40130
40130
40140
40140
40140
40140
40140
40140
40140
40140
40140
40150
40150
40150
40150
40150
40150
40150
40150
40150
40150
40150
40150
40150
40150
40150
40150
40150
40160
40160
40160
40160
40160
40160
40160
40160
40160
40160
40160
40160
40170
40170
40170
40170
40170
40170
40170
40170
40170
40170
40170
40170
40170
40170
40180
40180
40180
40180
40180
40180
40180
40180
40190
40190
40190
40190
40190
40190
40190
40190
40190
40190
40190
40190
40210
40210
40210
40210
40210
40210
40220
40220
40220
40220
40220
40220
40220
40220
40220
40220
40230
40230
40230
40230
40230
40230
40240
40240
40240
40240
40250
40250
40250
40250
40250
40250
40260
40260
40270
40270
40270
40270
40270
40270
40270
40280
40280
40280
40280
40280
40290
40290
40290
40290
40310
40310
40310
40320
40320
40320
40320
40320
40330
40330
40330
40330
40330
40340
40340
40340
40340
40350
40350
40350
40350
40350
41000
41000
41000
41000
41000
41000
41000
41000
41000
41000
41000
41000
41000
41000
41000
41000
41000
41000
41000
41110
41110
41110
41110
41110
41110
41110
41110
41110
41110
41110
41110
41130
41130
41130
41130
41130
41130
41130
41130
41130
41130
41130
41130
41130
41130
41130
41130
41150
41150
41150
41150
41150
41150
41150
41150
41150
41150
41150
41160
41160
41160
41160
41160
41160
41160
41160
41160
41160
41160
41160
41160
41190
41190
41190
41190
41190
41190
41190
41190
41190
41190
41190
41190
41190
41210
41210
41210
41210
41210
41210
41210
41220
41220
41220
41220
41230
41230
41230
41230
41230
41230
41230
41240
41240
41240
41240
41240
41240
41250
41250
41250
41250
41250
41250
41250
41260
41260
41260
41260
41260
41260
41280
41280
41280
41280
41280
41280
41290
41290
41290
41290
41310
41310
41310
41310
41320
41320
41320
41330
41330
41340
41340
41340
41340
41360
41360
41360
41360
41370
41370
41370
41370
41380
41380
41380
41380
42000
42000
42000
42000
42000
42000
42000
42000
42000
42000
42000
42000
42100
42100
42110
42110
42110
42110
42110
42110
42110
42110
42120
42120
42120
42120
42120
42120
42120
42120
42120
42120
42130
42130
42130
42130
42130
42130
42130
42130
42130
42130
42140
42140
42140
42140
42140
42140
42150
42150
42150
42150
42150
42150
42160
42160
42160
42160
42160
42160
42170
42170
42170
42170
42170
42180
42180
42180
42180
42190
42190
42190
42210
42210
42210
42210
42220
42220
42220
42220
42230
42230
42230
42230
42230
42240
42240
42240
42240
42240
43000
43000
43000
43000
43000
43000
43000
43000
43000
43000
43000
43000
43000
43100
43100
43100
43100
43100
43100
43110
43110
43110
43110
43110
43110
43110
43110
43110
43110
43120
43120
43120
43120
43120
43120
43120
43120
43120
43120
43120
43120
43120
43120
43120
43120
43120
43120
43120
43120
43120
43130
43130
43130
43130
43130
43130
43130
43160
43160
43160
43160
43160
44000
44000
44000
44000
44000
44000
44000
44000
44000
44000
44000
44000
44000
44000
44110
44110
44110
44110
44110
44110
44110
44110
44110
44110
44110
44110
44110
44110
44120
44120
44120
44120
44120
44120
44120
44120
44120
44120
44120
44120
44120
44120
44120
44130
44130
44130
44130
44130
44130
44130
44130
44130
44130
44130
44130
44130
44130
44130
44130
44130
44130
44130
44130
44140
44140
44140
44140
44140
44140
44140
44140
44140
44140
44140
44140
44140
44140
44140
44140
44140
44150
44150
44150
44150
44150
44150
44150
44150
44150
44150
44160
44160
44160
44160
44160
44160
44160
44160
44160
44160
44160
44160
44170
44170
44170
44170
44170
44170
44170
44170
44170
44170
44180
44180
44180
44180
44180
44180
44180
44180
44180
44190
44190
44190
44190
44190
44210
44210
44210
44210
44210
44210
44210
45000
45000
45000
45000
45000
45000
45000
45000
45000
45000
45000
45000
45000
45000
45000
45000
45000
45000
45000
45000
45000
45000
45000
45000
45000
45000
45000
45000
45000
45000
45000
45000
45000
45110
45110
45110
45110
45110
45110
45110
45110
45110
45110
45110
45110
45110
45110
45120
45120
45120
45120
45120
45120
45120
45120
45120
45120
45120
45120
45120
45120
45120
45120
45120
45120
45130
45130
45130
45130
45130
45130
45130
45130
45130
45130
45130
45130
45130
45130
45130
45140
45140
45140
45140
45140
45140
45140
45140
45140
45140
45140
45140
45140
45140
45140
45140
45140
45150
45150
45150
45150
45150
45150
45150
45150
45150
45150
45150
45150
45150
45160
45160
45160
45160
45160
45160
45160
45160
45160
45160
45170
45170
45170
45170
45170
45170
45170
45170
45170
45170
45170
45170
45170
45170
45170
45170
45170
45170
45170
45180
45180
45180
45180
45180
45180
45180
45180
45180
45180
45180
45180
45190
45190
45190
45190
45190
45190
45190
45190
45210
45210
45210
45210
45210
45210
45210
45210
45210
45220
45220
45220
45220
45220
45230
45230
45230
45230
45230
45230
45230
45230
45230
45240
45240
45240
45240
45240
45250
45250
45250
45250
45280
45280
46000
46000
46000
46000
46000
46000
46000
46000
46000
46000
46000
46000
46000
46000
46000
46000
46000
46000
46000
46000
46000
46000
46110
46110
46110
46110
46110
46110
46110
46110
46110
46110
46110
46110
46120
46120
46120
46120
46120
46120
46120
46120
46120
46120
46120
46120
46120
46120
46120
46130
46130
46130
46130
46130
46130
46130
46130
46130
46130
46130
46130
46130
46140
46140
46140
46140
46140
46140
46140
46140
46150
46150
46150
46150
46150
46150
46150
46150
46160
46160
46160
46160
46160
46160
46160
46160
46160
46160
46160
46170
46170
46170
46170
46170
46170
46170
46170
46170
46180
46180
46180
46180
46180
46180
46180
46180
46180
46180
46190
46190
46190
46190
46190
46190
46210
46210
46210
46220
46220
46220
46220
46220
46220
46220
46220
46220
46230
46230
46230
46230
46230
46240
46240
46240
46240
47000
47000
47000
47000
47000
47000
47000
47000
47000
47000
47000
47000
47000
47110
47110
47110
47110
47110
47110
47110
47110
47110
47110
47110
47120
47120
47120
47120
47120
47120
47120
47120
47120
47120
47120
47120
47120
47120
47130
47130
47130
47130
47130
47130
47130
47130
47140
47140
47140
47140
47140
47140
47140
47140
47140
47150
47150
47150
47150
47150
47160
47160
47160
47160
47160
47170
47170
47170
47170
47170
47170
47170
47170
47180
47180
47180
47180
47180
47180
47180
47190
47190
47190
47190
47210
47210
47210
47220
47220
47220
47220
47230
47230
47230
47230
47230
47230
47230
47230
47240
47240
47240
47240
47240
47250
47250
47250
47250
47260
47260
47260
47260
47270
47270
47270
47270
47280
47280
47280
47280
47290
47290
47290
47290
47290
48000
48000
48000
48000
48000
48000
48000
48000
48000
48000
48000
48000
48000
48000
48000
48110
48110
48110
48110
48110
48110
48110
48110
48110
48110
48110
48110
48120
48120
48120
48120
48120
48120
48120
48120
48120
48130
48130
48130
48130
48130
48130
48130
48130
48130
48130
48130
48130
48130
48130
48130
48130
48140
48140
48140
48140
48140
48140
48140
48140
48140
48150
48150
48150
48150
48150
48150
48150
48150
48150
48160
48160
48160
48160
48160
48160
48160
48160
48170
48170
48170
48170
48170
48170
48170
48170
48180
48180
48180
48180
48180
48180
48190
48190
48190
48190
48190
48190
48190
49000
49000
49000
49000
49000
49000
49000
49000
49000
49000
49000
49000
49000
49110
49110
49110
49110
49110
49110
49110
49110
49110
49120
49120
49120
49120
49120
49120
49120
49130
49130
49130
49130
49130
49130
49130
49140
49140
49140
49140
49140
49140
49150
49150
49150
49150
49150
49160
49160
49160
49160
49160
49160
50000
50000
50000
50000
50000
50100
50100
50100
50100
50110
50110
50110
50110
50110
50110
50120
50120
50120
50120
50120
50120
50120
50120
50120
50120
50120
50130
50130
50130
50130
50130
50130
50130
50130
50130
50130
50130
50130
50130
50130
50130
50130
50140
50140
50140
50140
50140
50140
50140
50140
50140
50140
50140
50140
50150
50150
50150
50150
50150
50150
50150
50150
50150
50150
50150
50150
50150
50160
50160
50160
50160
50160
50160
50160
50160
50170
50170
50170
50170
50170
50170
50170
50180
50180
50180
50180
50180
50180
50180
50180
50180
50180
50190
50190
50190
50190
50190
50190
50190
50190
50190
50190
50190
50200
50200
50200
50210
50210
50210
50210
50210
50210
50210
50210
50210
50220
50220
50220
50220
50220
50220
50220
50220
50220
50220
50220
50220
50220
50220
50230
50230
50230
50230
50230
50230
50230
50230
50230
50230
50240
50240
50240
50240
50240
50240
50240
50240
50250
50250
50250
50250
50250
50260
50260
50260
50260
50260
50260
50270
50270
50270
50270
50270
50270
50270
50280
50280
50280
50280
50280
50280
50280
50290
50290
50290
50300
50300
50300
50300
50310
50310
50310
50310
50310
50310
50320
50320
50320
50320
50320
50320
50330
50330
50340
50350
50350
50350
50360
50360
50360
50360
50360
51000
51000
51000
51000
51000
51000
51000
51000
51000
51000
51000
51000
51000
51110
51110
51110
51110
51110
51110
51110
51110
51120
51120
51120
51120
51120
51120
51120
51120
51120
51120
51120
51120
51130
51130
51130
51130
51130
51140
51140
51150
51150
51160
51160
51160
51170
51170
51170
51170
51180
51180
52000
52000
52000
52000
52000
52000
52000
52000
52000
52000
52000
52100
52100
52100
52100
52100
52100
52100
52100
52110
52110
52110
52110
52110
52110
52110
52110
52110
52110
52120
52120
52120
52120
52120
52120
52120
52130
52130
52130
52130
52130
52130
52130
52130
52130
52140
52140
52140
52140
52140
52140
52140
52140
52150
52150
52150
52150
52150
52150
52150
52150
52150
52150
52160
52160
52160
52160
52160
52160
52160
52170
52170
52170
52170
52180
52180
52180
52180
52190
52190
52190
52190
52190
52190
52190
52210
52210
52210
52210
52220
52220
52220
52220
52220
52230
52240
52240
52240
52240
52240
53000
53000
53000
53000
53000
53000
53000
53000
53000
53000
53000
53000
53000
53000
53000
53000
53110
53110
53110
53110
53110
53110
53110
53120
53120
53120
53120
53120
53120
53120
53120
53120
53130
53130
53130
53130
53130
53140
53140
53140
53140
53140
53150
53150
53150
53150
53150
53160
53160
53160
53160
53170
53180
53180
53180
53180
53190
53190
53210
53210
53210
53220
53220
53230
53230
53230
53230
54000
54000
54000
54000
54000
54000
54000
54000
54000
54000
54000
54000
54000
54000
54000
54000
54000
54000
54000
54000
54000
54110
54110
54110
54110
54110
54120
54120
54120
54120
54120
54120
54120
54120
54130
54130
54130
54130
54130
54130
54130
54130
54130
54130
54130
54140
54140
54140
54140
54140
54140
54140
54140
54140
54140
54140
54150
54150
54150
54150
54150
54150
54150
54150
54150
54160
54160
54160
54160
54160
54160
54160
54170
54170
54170
54170
54170
54170
55000
55000
55000
55000
55000
55000
55000
55000
55000
55000
55000
55000
55000
55000
55000
55000
55000
55000
55110
55110
55110
55110
55110
55110
55110
55110
55110
55110
55110
55110
55110
55110
55110
55110
55110
55120
55120
55120
55120
55120
55120
55120
55120
55120
55120
55120
55120
55130
55130
55130
55130
55130
55130
55140
55140
55140
55140
55140
55140
55140
55140
55140
55140
55150
55150
55150
55150
55150
55150
55150
55160
55160
55160
55160
55160
55160
55160
55160
55160
55170
55170
55170
55170
55170
55180
55180
55180
55180
55190
55190
55190
55190
55210
55210
55210
55220
55220
55220
55220
56000
56000
56000
56000
56000
56000
56000
56000
56000
56000
56000
56000
56000
56000
56000
56000
56000
56000
56110
56110
56110
56110
56110
56110
56110
56110
56110
56110
56110
56110
56110
56110
56110
56120
56120
56120
56120
56120
56120
56120
56120
56120
56120
56120
56120
56130
56130
56130
56130
56130
56130
56140
56140
56140
56140
56140
56140
56140
56150
56150
56150
56150
56150
56150
56150
56160
56160
56160
57000
57000
57000
57000
57000
57000
57000
57000
57000
57000
57000
57100
57100
57100
57100
57100
57100
57110
57110
57110
57110
57110
57110
57110
57110
57110
57110
57110
57110
57120
57120
57120
57120
57120
57120
57120
57120
57120
57120
57120
57120
57130
57130
57130
57130
57130
57130
57140
57140
57140
57140
57140
57140
57140
57150
57150
57150
57150
57150
57150
57160
57160
57160
57160
57160
57170
57170
57170
57170
57180
57180
57180
57180
57180
57180
57180
57190
57190
57190
57190
57190
57210
57210
57210
57210
57210
57210
57210
57210
57220
57220
57230
57230
57230
57230
57230
57240
57240
57240
57240
57250
57250
57250
57250
57250
57260
57260
57260
57270
57270
57280
57280
57290
57290
57290
57290
57290
57310
57310
57310
57310
57340
57340
57340
58000
58000
58000
58000
58000
58000
58000
58110
58110
58110
58110
58110
58110
58110
58110
58110
58110
58110
58110
58110
58120
58120
58120
58120
58120
58120
58120
58120
58130
58130
58130
58130
58130
58130
58130
58130
58130
58130
58140
58140
58140
58140
58140
58140
58150
58150
58150
58150
60000
60000
60000
60000
60000
60000
60000
60000
60000
60000
60000
60000
60000
60000
60000
60110
60110
60110
60110
60110
60110
60110
60110
60110
60120
60120
60120
60120
60120
60120
60120
60120
60120
60130
60130
60130
60130
60130
60130
60130
60130
60130
60130
60130
60140
60140
60140
60140
60150
60150
60150
60150
60150
60150
60150
60150
60150
60150
60150
60150
60150
60150
60150
60150
60150
60150
60150
60160
60160
60160
60160
60160
60160
60160
60160
60160
60160
60170
60170
60170
60170
60170
60170
60170
60170
60170
60180
60180
60180
60180
60180
60180
60180
60180
60180
60180
60180
60180
60180
60190
60190
60190
60190
60190
60190
60190
60210
60210
60210
60210
60220
60220
60220
60220
60220
60220
60220
60220
60230
60230
60230
60230
60230
60240
60240
60250
60250
60250
60260
60260
61000
61000
61000
61000
61000
61000
61000
61000
61000
61000
61000
61000
61000
61000
61110
61110
61110
61110
61110
61110
61110
61110
61110
61120
61120
61120
61120
61120
61120
61120
61120
61120
61120
61130
61130
61130
61130
61130
61130
61130
61130
61130
61140
61140
61140
61140
61140
61140
61140
61150
61150
61150
61150
61150
61160
61160
61160
61160
61160
61160
61170
61170
61170
61170
61180
61180
61180
61180
61180
61180
62000
62000
62000
62000
62000
62000
62000
62000
62000
62000
62000
62000
62000
62000
62000
62000
62000
62110
62110
62110
62110
62110
62110
62110
62110
62110
62110
62120
62120
62120
62120
62120
62120
62120
62120
62120
62120
62120
62120
62120
62130
62130
62130
62130
62140
62140
62140
62140
62140
62140
62140
62150
62150
62150
62150
62150
62150
62150
62160
62160
62170
62170
62170
62170
62170
62170
62170
62180
62180
62180
62180
62190
62190
62190
62210
62210
62210
62210
63000
63000
63000
63000
63000
63000
63000
63000
63000
63000
63000
63000
63000
63000
63000
63000
63000
63110
63110
63110
63110
63110
63110
63110
63110
63110
63110
63120
63120
63120
63120
63120
63120
63120
63130
63130
63130
63130
63130
63130
63140
63140
63140
63140
63140
63140
63150
63150
63150
63150
63150
63150
63160
63160
63160
63160
63160
63170
63170
63170
63170
63170
63170
64000
64000
64000
64000
64000
64000
64110
64110
64110
64110
64110
64110
64110
64110
64110
64110
64110
64110
64110
64110
64120
64120
64120
64120
64120
64120
64120
64120
64120
64120
64120
64120
64120
64130
64130
64130
64130
64130
64130
64130
64130
64130
64140
64140
64140
64140
64140
64140
64140
64150
64150
64150
64160
64160
64160
64160
64160
64160
64160
64160
64160
64160
64170
64170
64170
64170
64170
64170
64170
64170
64170
64170
64170
64180
64180
64180
64180
64180
64190
64190
64210
64210
64220
64220
64230
64230
65000
65000
65000
65000
65000
65000
65000
65000
65000
65000
65000
65000
65000
65000
65000
65000
65000
65110
65110
65110
65110
65110
65110
65110
65120
65120
65120
65120
65120
65120
65120
65120
65120
65120
65120
65130
65130
65130
65130
65130
65130
65130
65130
65130
65140
65140
65140
65140
65140
65140
65140
65140
65140
65150
65150
65150
65150
65150
65150
65150
65160
65160
65160
65160
65160
65160
65170
65170
65170
65170
65170
65170
65180
65180
65180
65180
65180
65190
65190
65190
65190
65190
65190
65190
65210
65210
65220
65220
65230
65230
65230
65240
65240
66000
66000
66000
66000
66000
66000
66000
66000
66000
66000
66000
66000
66000
66110
66110
66110
66110
66110
66110
66110
66110
66110
66110
66110
66120
66120
66120
66120
66120
66120
66120
66120
66120
66130
66130
66130
66130
66130
66130
66130
66130
66130
66130
66130
66130
66130
66130
66130
66130
66140
66140
66140
66140
66140
66140
66140
66150
66150
66150
66150
66160
66160
66160
66160
66160
66170
66170
66170
66180
66180
66180
66180
66190
66190
66190
66190
66190
66190
66190
66210
66210
66210
66210
66210
66210
66220
66220
66230
66230
67000
67000
67000
67000
67000
67000
67000
67000
67000
67000
67000
67000
67110
67110
67110
67110
67110
67110
67110
67110
67110
67110
67110
67110
67110
67110
67110
67110
67110
67110
67110
67110
67110
67110
67110
67120
67120
67120
67120
67120
67120
67120
67120
67120
67130
67130
67130
67130
67130
67130
67130
67130
67140
67140
67140
67140
67140
67140
67140
67140
67140
67140
67150
67150
67150
67150
67150
67150
67160
67160
67160
67160
67160
67160
67160
67160
67170
67170
67170
67170
67170
67170
67170
67180
67180
67180
67180
67180
67180
67190
67190
67190
67210
67210
67210
67210
67220
67220
67220
67230
67240
67240
67240
67240
67240
67250
67260
67260
67260
67260
67270
67270
67270
67270
67270
67280
67280
70000
70000
70000
70000
70000
70000
70000
70000
70000
70000
70000
70000
70000
70000
70000
70000
70000
70000
70000
70000
70000
70000
70110
70110
70110
70110
70110
70110
70110
70110
70110
70110
70110
70110
70110
70110
70120
70120
70120
70120
70120
70120
70120
70120
70120
70120
70120
70120
70120
70120
70120
70120
70120
70120
70120
70130
70130
70130
70130
70130
70130
70130
70130
70130
70130
70130
70140
70140
70140
70140
70140
70140
70140
70140
70140
70140
70140
70140
70150
70150
70150
70150
70150
70150
70160
70160
70160
70160
70160
70160
70160
70170
70170
70170
70180
70180
70180
70180
70180
70180
70180
70190
70190
70210
70210
71000
71000
71000
71000
71000
71000
71000
71000
71000
71110
71110
71110
71110
71110
71110
71110
71110
71110
71110
71110
71110
71120
71120
71120
71120
71120
71120
71120
71120
71120
71130
71130
71130
71130
71130
71130
71130
71130
71140
71140
71140
71140
71140
71140
71140
71150
71150
71150
71150
71150
71150
71150
71160
71160
71160
71160
71170
71170
71170
71170
71170
71180
71180
71180
71180
71180
71180
71180
71190
71190
71190
71190
71210
71210
71210
71210
71210
71210
71210
71220
71220
71220
71220
71220
71220
71240
71240
71240
71250
71250
71250
71250
71250
71260
71260
71260
71260
72000
72000
72000
72000
72000
72000
72000
72000
72000
72000
72000
72000
72000
72000
72110
72110
72110
72110
72110
72110
72110
72110
72110
72110
72110
72110
72110
72110
72120
72120
72120
72120
72120
72120
72120
72120
72120
72120
72120
72120
72120
72120
72130
72130
72130
72130
72130
72130
72130
72140
72140
72140
72140
72140
72140
72140
72140
72140
72150
72150
72150
72150
72150
72150
72150
72150
72150
72150
72150
72150
72150
72150
72160
72160
72160
72160
72160
72160
72160
72160
72160
72160
72170
72170
72170
72170
72180
72180
72180
72180
72180
72180
72180
72190
72210
72210
72210
72220
72220
72220
72230
72230
72230
72240
72240
72240
72240
72240
72240
72250
73000
73000
73000
73000
73000
73000
73000
73000
73000
73000
73000
73000
73000
73000
73000
73000
73000
73000
73000
73000
73000
73000
73000
73000
73000
73110
73110
73110
73110
73110
73110
73110
73110
73110
73110
73120
73120
73120
73120
73120
73120
73120
73120
73120
73120
73120
73120
73120
73120
73120
73120
73120
73120
73120
73120
73120
73120
73120
73120
73130
73130
73130
73130
73130
73130
73130
73130
73130
73130
73130
73130
73130
73140
73140
73140
73140
73140
73140
73140
73140
73140
73140
73140
73140
73150
73150
73150
73150
73150
73150
73150
73150
73160
73170
73170
73170
73180
73180
73180
73190
73190
73210
73210
73210
73210
73220
74000
74000
74000
74000
74000
74000
74000
74000
74000
74000
74000
74000
74000
74000
74000
74000
74000
74000
74110
74110
74110
74110
74110
74110
74110
74110
74110
74120
74120
74120
74120
74120
74120
74120
74120
74120
74120
74120
74120
74130
75000
75000
75000
75000
75000
75000
75000
75000
75000
75000
75000
75110
75110
75110
75110
75110
75110
75110
75110
75110
75110
75110
75110
75120
75120
75120
75120
75120
75120
75120
75120
75120
75120
75120
75120
75120
76000
76000
76000
76000
76000
76000
76000
76000
76000
76000
76000
76000
76000
76000
76000
76000
76000
76000
76000
76000
76000
76000
76000
76100
76100
76110
76110
76110
76110
76110
76110
76110
76110
76110
76120
76120
76120
76120
76120
76120
76120
76120
76120
76130
76130
76130
76130
76130
76130
76130
76130
76130
76130
76130
76130
76140
76140
76140
76140
76140
76140
76140
76140
76140
76140
76150
76150
76150
76150
76150
76150
76150
76150
76150
76150
76150
76150
76150
76150
76150
76150
76150
76150
76160
76160
76160
76160
76170
76170
76170
76170
76170
76170
77000
77000
77000
77000
77000
77110
77110
77110
77110
77110
77110
77110
77120
77120
77120
77120
77120
77120
77130
77130
77130
77130
77130
77130
77140
77140
77140
77150
77150
77150
77150
77150
77150
77170
77170
77170
77170
77170
77180
77180
77180
77180
77190
77190
77210
77220
77230
77230
80000
80000
80000
80000
80000
80000
80000
80000
80000
80000
80000
80000
80000
80000
80000
80000
80110
80110
80110
80110
80110
80110
80110
80110
80110
80110
80110
80110
80120
80120
80120
80120
80120
80120
80120
80130
80130
80130
80130
80130
80130
80130
80130
80140
80140
80140
80140
80140
80140
80140
80140
80140
80140
80140
80140
80140
80140
80140
80150
80150
80150
80150
80150
80160
80160
80160
80160
80160
80160
80160
80160
80160
80160
80160
80160
80160
80160
80170
80170
80170
80170
80170
80170
80170
80170
80170
80170
80170
80180
80180
80180
80180
80180
80180
80180
80180
80180
80180
80180
80180
80180
80190
80190
80190
80190
80190
80190
80190
80190
80190
80190
80190
80190
80210
80210
80210
80220
80220
80220
80230
80230
80230
80230
80230
80240
80240
80240
80240
80240
80240
80240
80240
80240
80250
80250
80250
80250
80250
80260
80260
80260
80260
80260
80260
80270
80270
80270
80270
80270
80280
80280
80280
80290
80290
80310
80320
80320
80320
80320
80320
80330
80330
80330
80330
80340
80340
80350
80350
80360
80360
80360
80360
81000
81000
81000
81000
81000
81000
81000
81000
81000
81000
81110
81110
81110
81110
81110
81110
81110
81110
81110
81120
81120
81120
81120
81120
81120
81120
81120
81120
81120
81120
81130
81130
81130
81130
81130
81130
81130
81130
81140
81140
81140
81140
81150
81150
81150
81160
81160
81160
81160
81170
81170
82000
82000
82000
82000
82000
82000
82000
82000
82000
82110
82110
82110
82110
82110
82120
82120
82120
82120
82120
82120
82130
82130
82130
82130
82130
82140
82140
82150
82150
82150
82150
82160
82160
82170
82170
82170
82170
82170
82180
82180
82180
82180
82180
82180
82190
82190
82190
83000
83000
83000
83000
83000
83000
83100
83110
83110
83110
83110
83110
83110
83120
83130
83130
83150
83150
84000
84000
84000
84000
84000
84000
84000
84000
84000
84000
84100
84110
84110
84110
84110
84110
84110
84110
84110
84110
84120
84120
84120
84120
84120
84120
84120
84120
84120
84130
84130
84130
84130
84130
84130
84130
84130
84130
84130
84130
84130
84130
84130
84130
84130
84140
84140
84140
84140
84150
84150
84150
84150
84150
84150
84160
84160
84160
84160
84160
84160
84160
84160
84160
84160
84160
84170
84170
84170
84170
84170
84170
84180
84180
84180
84180
84180
84180
84180
84180
84180
84180
84190
84190
84190
84190
84190
84210
84210
84210
84210
84210
84210
84210
84210
84220
84220
84230
84230
84230
84230
84240
84240
84240
84240
84250
84250
84250
84250
84250
84250
84260
84260
84260
84260
84270
84270
84280
84280
84280
84290
84290
84290
84310
84320
84330
84340
84350
84350
84350
84350
85000
85000
85000
85000
85000
85000
85000
85000
85110
85110
85110
85110
85110
85110
85110
85120
85120
85120
85120
85120
85120
85120
85130
85130
85130
85130
85130
85130
85130
85130
86000
86000
86000
86000
86000
86000
86000
86000
86000
86000
86100
86100
86100
86110
86110
86110
86110
86110
86110
86110
86110
86110
86110
86110
86120
86120
86130
86130
86130
86130
86130
86130
86130
86130
86130
86130
86130
86140
86140
86140
86140
86140
86140
86140
86140
86140
86150
86150
86160
86160
86160
86170
86170
86170
86170
86180
86180
86180
86180
86190
86190
86190
86210
86210
86210
86220
86220
86220
86220
86230
90000
90000
90000
90000
90100
90100
90110
90110
90110
90110
90110
90110
90110
90110
90110
90110
90110
90110
90110
90110
90110
90115
90120
90120
90120
90120
90130
90130
90130
90130
90130
90130
90130
90130
90130
90130
90130
90130
90130
90130
90140
90140
90140
90140
90140
90140
90140
90140
90140
90140
90140
90140
90150
90150
90150
90150
90150
90160
90160
90160
90160
90160
90160
90160
90160
90160
90160
90170
90170
90170
90180
90180
90180
90180
90180
90190
90190
90190
90190
90190
90190
90190
90190
90190
90190
90190
90210
90210
90210
90210
90210
90210
90210
90210
90210
90220
90220
90220
90220
90230
90230
90230
90230
90240
90240
90250
90260
90260
90270
90270
90270
90270
90280
90280
90280
90280
90310
90310
90310
90310
90330
90330
90330
90330
90330
90330
90330
91000
91000
91000
91000
91000
91000
91000
91000
91110
91110
91110
91110
91110
91110
91120
91120
91120
91120
91120
91130
91130
91130
91130
91130
91140
91140
91140
91140
91150
91150
91150
91150
91160
91160
91160
91160
92000
92000
92000
92000
92000
92000
92000
92000
92000
92000
92000
92000
92000
92000
92110
92110
92110
92110
92110
92110
92110
92110
92110
92110
92110
92110
92110
92110
92120
92120
92120
92120
92120
92120
92130
92130
92130
92130
92130
92130
92130
92130
92130
92130
92130
92140
92140
92140
92140
92140
92140
92140
92140
92140
92140
92140
92150
92150
92150
92150
92160
92160
92160
92160
92170
92170
92170
92170
92170
92170
92170
92180
92180
92180
92180
92190
92190
92190
92190
92210
92210
92210
92210
92220
92220
92220
92220
93000
93000
93000
93000
93000
93000
93000
93000
93000
93000
93000
93000
93000
93000
93000
93000
93000
93000
93000
93000
93110
93110
93110
93110
93110
93110
93110
93110
93110
93110
93110
93110
93110
93120
93120
93120
93120
93120
93120
93120
93130
93130
93130
93130
93130
93140
93140
93140
93150
93150
93150
93160
93160
93160
93170
93170
93170
93170
93170
93180
93180
93180
93190
93190
93190
94000
94000
94000
94000
94000
94000
94000
94000
94000
94000
94000
94000
94000
94110
94110
94110
94110
94110
94110
94110
94110
94110
94110
94120
94120
94120
94120
94120
94120
94120
94120
94130
94130
94130
94130
94130
94130
94130
94130
94130
94140
94140
94140
94140
94140
94140
94140
94140
94140
94140
94140
94140
94140
94140
94140
94140
94150
94150
94150
94150
94150
94150
94150
94150
94150
94150
94150
94150
94150
94150
94150
94150
94160
94160
94160
94160
94160
94160
94160
94160
94160
94160
94160
94160
94170
94170
94170
94170
94170
94170
94170
94170
94170
94170
94170
94170
94180
94180
94180
94180
94180
94180
94180
94190
94190
94190
94190
94190
94220
94220
94220
94220
94230
94230
94230
95000
95000
95000
95000
95000
95000
95000
95000
95000
95000
95000
95000
95000
95000
95110
95110
95110
95110
95110
95120
95120
95120
95120
95120
95120
95120
95120
95120
95130
95130
95130
95130
95130
95130
95140
95140
95140
95140
95140
95140
95140
95140
95140
95140
95140
95140
95140
95140
95140
95140
95150
95150
95150
95160
95160
95160
95160
95170
96000
96000
96000
96000
96000
96000
96000
96110
96110
96110
96110
96110
96110
96110
96110
96120
96120
96120
96120
96130
96130
96130
96130
96130
96130
96130
96130
96130
96140
96140
96140
96140
96140
96140
96150
96150
96150
96150
96150
96150
96150
96150
96150
96160
96160
96160
96160
96160
96160
96170
96170
96170
96170
96170
96170
96180
96180
96180
96180
96180
96180
96190
96190
96190
96190
96190
96210
96210
96210
96210
96210
96210
96220
96220
96220
96220
96220
...